33 50
15
5
000@00000000000000000000000000000
000100000000000000000000000000000
000100000000000000000000000000000
0001111100000000000000000000111X0
000000010000000000000000000010000
000000011100000000000000000110000
000000000100000000000000001100000
000000000111000000000000011000000
000000000001000000000000110000000
000000000001001111111111100000000
000000000001001000000000000000000
000000000001001000000000000000000
000000000001001111110000000000000
000000000001000000010000000000000
000000000001000000010000000000000
000000000001111111110000000000000
000000000000000000000000000000000
000000000000000000000000000000000
000000000000000000000000000000000
000000000000000000000000000000000